# Excerpt of sass.txt (NCU 2025.2.1 source page export, kernel nvjet_tss_320x128_64x3_1x2_h_bz_coopB_NNT)
# Selected regions: mbarrier init, consumer HGMMA mainloop, TMA-store epilogue, TMA-load producer.
# Regenerate the full file with: ncu --import h100_cublaslt_gemm.ncu-rep --page source --print-source sass
#
Kernel Name        nvjet_tss_320x128_64x3_1x2_h_bz_coopB_NNT                                                                                                                                                                                                                                                                                                                                                                                                                                              
------------------ ----------------------------------------------------------------- ------ ------ ------ ------- -------- -------- ------ ------ ------ ------------- ------ ------ ------ ------ ------ ------- ------- ------ ------ ------ ------ ------ ------ ------ ------ ------ ------ ------ ------ ------ ------ ------ ------ ------ ------ ------ ------ ------ ------ ------ ------ ------ ------ ------ ------ ------ ------ ------ ------ ------ ------ ------ ------ ------ ------ ------
Address            Source                                                            Warp S Warp S # Samp Instru  Thread   Predic   Avg. T Avg. P Diverg Addres        Access Access L1 Tag L1 Con L1 Wav L1 Wav  L1 Wav  L2 The L2 The L2 The stall_ stall_ stall_ stall_ stall_ stall_ stall_ stall_ stall_ stall_ stall_ stall_ stall_ stall_ stall_ stall_ stall_ stall_ stall_ stall_ stall_ stall_ stall_ stall_ stall_ stall_ stall_ stall_ stall_ stall_ stall_ stall_ stall_ stall_ stall_ stall_
                                                                                     tall S tall S les    ctions   Instr   ated-O   hreads redica ent Br s Spac         Opera  Size   Reque flicts efront efront  efront  oretic oretic oretic barrie branch dispat drain  imc    lg     long_s math   membar mio    misc   no_ins not_se select short_ sleep  tex    wait   barrie branch dispat drain  imc (N lg (No long_s math ( membar mio (N misc ( no_ins not_se select short_ sleepi tex (N wait (
                                                                                     amplin amplin         Execu  uction   n Thre    Execu ted-On anches e             tion          sts Gl  Share s Shar s Shar  s Shar  al Sec al Sec al Sec r      _resol ch                          b                                  t      lected ed     sb                          r (Not _resol ch (No (Not I ot Iss t Issu b (Not Not Is  (Not  ot Iss Not Is t (Not lected ed (No sb (No ng (No ot Iss Not Is
                                                                                     g (All g (Not        ted     s Exec   ad Ins   ted     Threa                                    obal   d N-Wa ed Exc ed      ed Ide  tors G tors G tors G        ving                                                                                                                    Issue ving ( t Issu ssued) ued)   ed)     Issue sued)  Issued ued)   sued)   Issue  (Not  t Issu t Issu t Issu ued)   sued) 
                                                                                      Sampl -issue                uted     tructi          ds Exe                                           y      essive         al      lobal  lobal  lobal                                                                                                                                d)     Not Is ed)                         d)            )                    d)     Issued ed)    ed)    ed)                 
                                                                                     es)    d Samp                         ons Ex          cuted                                                                          Excess        Ideal                                                                                                                                       sued)                                                                        )                                        
                                                                                            les)                           ecuted                                                                                         ive                                                                                                                                                                                                                                                                             
... (prologue: mbarrier init via SYNCS.EXCH.64) ...
0x7f81d779f670     @UP1  SYNCS.EXCH.64 URZ, [UR7], UR10                              0      0      0      1056    33792    29568    32     28     0      -             -      -      0      0      0      0       0       0      0      0      0      0      0      0      0      0      0      0      0      0      0      0      0      0      0      0      0      0      0      0      0      0      0      0      0      0      0      0      0      0      0      0      0      0      0      0     
0x7f81d779f680     @UP0  UIADD3 UR7, UR7, 0x40, URZ                                  0      0      0      1056    33792    16896    32     16     0      -             -      -      0      0      0      0       0       0      0      0      0      0      0      0      0      0      0      0      0      0      0      0      0      0      0      0      0      0      0      0      0      0      0      0      0      0      0      0      0      0      0      0      0      0      0      0     
0x7f81d779f690     @!UP0 UIADD3 UR7, UR7, 0x20, URZ                                  0      0      0      1056    33792    16896    32     16     0      -             -      -      0      0      0      0       0       0      0      0      0      0      0      0      0      0      0      0      0      0      0      0      0      0      0      0      0      0      0      0      0      0      0      0      0      0      0      0      0      0      0      0      0      0      0      0     
0x7f81d779f6a0     @UP0  UISETP.LT.AND UP1, UPT, UR8, 0x4, UPT                       0      0      0      1056    33792    16896    32     16     0      -             -      -      0      0      0      0       0       0      0      0      0      0      0      0      0      0      0      0      0      0      0      0      0      0      0      0      0      0      0      0      0      0      0      0      0      0      0      0      0      0      0      0      0      0      0      0     
0x7f81d779f6b0     @!UP0 UISETP.LT.AND UP1, UPT, UR8, -0x1, UPT                      0      0      0      1056    33792    16896    32     16     0      -             -      -      0      0      0      0       0       0      0      0      0      0      0      0      0      0      0      0      0      0      0      0      0      0      0      0      0      0      0      0      0      0      0      0      0      0      0      0      0      0      0      0      0      0      0      0     
0x7f81d779f6c0     @UP1  SYNCS.EXCH.64 URZ, [UR7], UR10                              0      0      0      1056    33792    16896    32     16     0      -             -      -      0      0      0      0       0       0      0      0      0      0      0      0      0      0      0      0      0      0      0      0      0      0      0      0      0      0      0      0      0      0      0      0      0      0      0      0      0      0      0      0      0      0      0      0     
... (consumer mainloop: barrier, then per-accumulator ARRIVE / 4x HGMMA / DEPBAR chains) ...
0x7f81d779feb0           LDS R6, [UR7+0x8]                                           359    255    359    1136704 36374528 36374528 32     32     0      Shared        Load   32     0      1      0      1136704 1136704 0      0      0      0      0      19     0      0      0      0      0      0      0      0      1      2      72     0      0      0      265    0      0      18     0      0      0      0      0      0      0      0      1      0      0      0      0      0      236   
0x7f81d779fec0           WARPSYNC.ALL                                                60     0      60     1136704 36374528 36374528 32     32     0      -             -      -      0      0      0      0       0       0      0      0      0      0      2      0      0      0      0      0      0      0      0      0      0      58     0      0      0      0      0      0      0      0      0      0      0      0      0      0      0      0      0      0      0      0      0      0     
0x7f81d779fed0           BAR.SYNC 0x0, 0x80                                          375    300    375    1136704 36374528 36374528 32     32     0      -             -      -      0      0      0      0       0       0      0      0      0      0      80     0      0      0      0      0      0      0      0      0      4      45     0      0      0      246    0      0      75     0      0      0      0      0      0      0      0      0      0      0      0      0      0      225   
0x7f81d779fee0     @P3   LOP3.LUT R4, R4, RZ, RZ, 0xf, !PT                           7070   6431   7070   1136704 36374528 4551168  32     4      0      -             -      -      0      0      0      0       0       0      0      0      6730   0      0      0      0      0      0      3      0      0      0      0      12     61     0      0      0      264    6199   0      0      0      0      0      0      0      0      0      0      0      0      0      0      0      0      232   
0x7f81d779fef0           NOP                                                         69     0      69     1136704 36374528 36374528 32     32     0      -             -      -      0      0      0      0       0       0      0      0      0      0      0      0      0      0      0      0      0      0      0      0      0      69     0      0      0      0      0      0      0      0      0      0      0      0      0      0      0      0      0      0      0      0      0      0     
0x7f81d779ff00           WARPGROUP.ARRIVE                                            61     0      61     1136704 36374528 36374528 32     32     0      -             -      -      0      0      0      0       0       0      0      0      0      0      0      0      0      0      0      0      0      0      0      0      0      61     0      0      0      0      0      0      0      0      0      0      0      0      0      0      0      0      0      0      0      0      0      0     
0x7f81d779ff10           HGMMA.64x64x16.F32.BF16 R24, gdesc[UR16].tnspA, R24, !UP1   2634   2377   2634   1136704 36374528 36374528 32     32     0      Shared        Load   -      0      8      0      9093632 9093632 0      0      0      0      0      1      0      0      0      0      0      0      374    0      0      25     72     0      0      0      278    0      0      1      0      0      0      0      0      0      332    0      0      0      0      0      0      0      231   
0x7f81d779ff20           UIADD3 UR16, UR16, 0x80, URZ                                67     0      67     1136704 36374528 36374528 32     32     0      -             -      -      0      0      0      0       0       0      0      0      0      0      5      0      0      0      0      0      0      0      0      0      0      62     0      0      0      0      0      0      0      0      0      0      0      0      0      0      0      0      0      0      0      0      0      0     
0x7f81d779ff30           UIADD3 UR18, UR18, 0x2, URZ                                 118    64     118    1136704 36374528 36374528 32     32     0      -             -      -      0      0      0      0       0       0      0      0      0      0      1      0      0      0      0      65     0      0      0      0      2      50     0      0      0      0      0      0      1      0      0      0      0      63     0      0      0      0      0      0      0      0      0      0     
0x7f81d779ff40           HGMMA.64x64x16.F32.BF16 R24, gdesc[UR16].tnspA, R24         1031   830    1031   1136704 36374528 36374528 32     32     0      Shared        Load   -      0      8      0      9093632 9093632 0      0      0      0      0      0      0      0      0      0      0      0      431    0      0      11     62     0      0      0      527    0      0      0      0      0      0      0      0      0      399    0      0      0      0      0      0      0      431   
0x7f81d779ff50           UIADD3 UR16, UR16, 0x80, URZ                                77     0      77     1136704 36374528 36374528 32     32     0      -             -      -      0      0      0      0       0       0      0      0      0      0      4      0      0      0      0      0      0      0      0      0      0      73     0      0      0      0      0      0      0      0      0      0      0      0      0      0      0      0      0      0      0      0      0      0     
0x7f81d779ff60           UIADD3 UR18, UR18, 0x2, URZ                                 134    70     134    1136704 36374528 36374528 32     32     0      -             -      -      0      0      0      0       0       0      0      0      0      0      1      0      0      0      0      71     0      0      0      0      3      59     0      0      0      0      0      0      1      0      0      0      0      69     0      0      0      0      0      0      0      0      0      0     
0x7f81d779ff70           HGMMA.64x64x16.F32.BF16 R24, gdesc[UR16].tnspA, R24         982    821    982    1136704 36374528 36374528 32     32     0      Shared        Load   -      0      8      0      9093632 9093632 0      0      0      0      0      1      0      0      0      0      0      0      449    0      0      11     45     0      0      0      476    0      0      1      0      0      0      0      0      0      420    0      0      0      0      0      0      0      400   
0x7f81d779ff80           UIADD3 UR16, UR16, 0x80, URZ                                90     0      90     1136704 36374528 36374528 32     32     0      -             -      -      0      0      0      0       0       0      0      0      0      0      3      0      0      0      0      0      0      0      0      0      0      87     0      0      0      0      0      0      0      0      0      0      0      0      0      0      0      0      0      0      0      0      0      0     
0x7f81d779ff90           UIADD3 UR18, UR18, 0x2, URZ                                 97     40     97     1136704 36374528 36374528 32     32     0      -             -      -      0      0      0      0       0       0      0      0      0      0      0      0      0      0      0      42     0      0      0      0      4      51     0      0      0      0      0      0      0      0      0      0      0      40     0      0      0      0      0      0      0      0      0      0     
0x7f81d779ffa0           HGMMA.64x64x16.F32.BF16 R24, gdesc[UR16].tnspA, R24         1083   865    1083   1136704 36374528 36374528 32     32     0      Shared        Load   -      0      8      0      9093632 9093632 0      0      0      0      0      4      0      0      0      0      0      0      435    0      0      17     73     0      0      0      554    0      0      0      0      0      0      0      0      0      408    0      0      0      0      0      0      0      457   
0x7f81d779ffb0           WARPGROUP.DEPBAR.LE gsb0, 0x0                               4684   4037   4684   1136704 36374528 36374528 32     32     0      -             -      -      0      0      0      0       0       0      0      0      4619   0      1      0      0      0      0      0      0      0      0      0      6      58     0      0      0      0      4037   0      0      0      0      0      0      0      0      0      0      0      0      0      0      0      0      0     
0x7f81d779ffc0     @P1   SYNCS.ARRIVE.TRANS64.RED.A1T0 RZ, [R7+UR14], RZ             134    53     134    1136704 36374528 845484   32     0      0      -             -      -      0      0      0      0       0       0      0      0      0      0      0      0      0      0      0      0      0      0      0      0      9      66     0      0      0      59     0      0      0      0      0      0      0      0      0      0      0      0      0      0      0      0      0      53    
0x7f81d779ffd0     @!P0  SYNCS.PHASECHK.TRANS64.TRYWAIT P2, [UR6], R4                48     0      48     1136704 36374528 36083200 32     31     0      -             -      -      0      0      0      0       0       0      0      0      0      0      0      0      0      0      0      0      0      0      0      0      0      48     0      0      0      0      0      0      0      0      0      0      0      0      0      0      0      0      0      0      0      0      0      0     
0x7f81d779ffe0           NOP                                                         65     0      65     1136704 36374528 36374528 32     32     0      -             -      -      0      0      0      0       0       0      0      0      0      0      5      0      0      0      0      0      0      0      0      0      0      60     0      0      0      0      0      0      0      0      0      0      0      0      0      0      0      0      0      0      0      0      0      0     
0x7f81d779fff0           WARPGROUP.ARRIVE                                            62     0      62     1136704 36374528 36374528 32     32     0      -             -      -      0      0      0      0       0       0      0      0      0      0      0      0      0      0      0      0      0      0      0      0      0      62     0      0      0      0      0      0      0      0      0      0      0      0      0      0      0      0      0      0      0      0      0      0     
0x7f81d77a0000           UIADD3 UR16, UR16, 0x200, URZ                               59     0      59     1136704 36374528 36374528 32     32     0      -             -      -      0      0      0      0       0       0      0      0      0      0      0      0      0      0      0      0      0      0      0      0      0      59     0      0      0      0      0      0      0      0      0      0      0      0      0      0      0      0      0      0      0      0      0      0     
0x7f81d77a0010           UIADD3 UR16, UR16, -0x180, URZ                              250    159    250    1136704 36374528 36374528 32     32     0      -             -      -      0      0      0      0       0       0      0      0      0      0      3      0      0      0      0      6      0      0      0      0      13     49     0      0      0      179    0      0      3      0      0      0      0      5      0      0      0      0      0      0      0      0      0      151   
0x7f81d77a0020           UIADD3 UR18, UR18, -0x6, URZ                                153    72     153    1136704 36374528 36374528 32     32     0      -             -      -      0      0      0      0       0       0      0      0      0      0      1      0      0      0      0      76     0      0      0      0      6      70     0      0      0      0      0      0      1      0      0      0      0      71     0      0      0      0      0      0      0      0      0      0     
0x7f81d77a0030           HGMMA.64x64x16.F32.BF16 R56, gdesc[UR16].tnspA, R56, !UP1   3864   3561   3864   1136704 36374528 36374528 32     32     0      Shared        Load   -      0      8      0      9093632 9093632 0      0      0      0      0      0      0      0      0      0      0      0      724    0      0      37     61     0      0      0      156    0      0      0      0      0      0      0      0      0      635    0      0      0      0      0      0      0      149   
0x7f81d77a0040           UIADD3 UR16, UR16, 0x80, URZ                                68     0      68     1136704 36374528 36374528 32     32     0      -             -      -      0      0      0      0       0       0      0      0      0      0      2      0      0      0      0      0      0      0      0      0      0      66     0      0      0      0      0      0      0      0      0      0      0      0      0      0      0      0      0      0      0      0      0      0     
0x7f81d77a0050           UIADD3 UR18, UR18, 0x2, URZ                                 130    57     130    1136704 36374528 36374528 32     32     0      -             -      -      0      0      0      0       0       0      0      0      0      0      0      0      0      0      0      57     0      0      0      0      1      72     0      0      0      0      0      0      0      0      0      0      0      57     0      0      0      0      0      0      0      0      0      0     
0x7f81d77a0060           HGMMA.64x64x16.F32.BF16 R56, gdesc[UR16].tnspA, R56         1038   872    1038   1136704 36374528 36374528 32     32     0      Shared        Load   -      0      8      0      9093632 9093632 0      0      0      0      0      1      0      0      0      0      0      0      431    0      0      8      48     0      0      0      550    0      0      1      0      0      0      0      0      0      359    0      0      0      0      0      0      0      512   
0x7f81d77a0070           UIADD3 UR16, UR16, 0x80, URZ                                62     0      62     1136704 36374528 36374528 32     32     0      -             -      -      0      0      0      0       0       0      0      0      0      0      0      0      0      0      0      0      0      0      0      0      0      62     0      0      0      0      0      0      0      0      0      0      0      0      0      0      0      0      0      0      0      0      0      0     
0x7f81d77a0080           UIADD3 UR18, UR18, 0x2, URZ                                 156    72     156    1136704 36374528 36374528 32     32     0      -             -      -      0      0      0      0       0       0      0      0      0      0      4      0      0      0      0      76     0      0      0      0      10     66     0      0      0      0      0      0      4      0      0      0      0      68     0      0      0      0      0      0      0      0      0      0     
0x7f81d77a0090           HGMMA.64x64x16.F32.BF16 R56, gdesc[UR16].tnspA, R56         1051   883    1051   1136704 36374528 36374528 32     32     0      Shared        Load   -      0      8      0      9093632 9093632 0      0      0      0      0      0      0      0      0      0      0      0      445    0      0      10     58     0      0      0      538    0      0      0      0      0      0      0      0      0      381    0      0      0      0      0      0      0      502   
0x7f81d77a00a0           UIADD3 UR16, UR16, 0x80, URZ                                51     0      51     1136704 36374528 36374528 32     32     0      -             -      -      0      0      0      0       0       0      0      0      0      0      0      0      0      0      0      0      0      0      0      0      0      51     0      0      0      0      0      0      0      0      0      0      0      0      0      0      0      0      0      0      0      0      0      0     
0x7f81d77a00b0           UIADD3 UR18, UR18, 0x2, URZ                                 122    62     122    1136704 36374528 36374528 32     32     0      -             -      -      0      0      0      0       0       0      0      0      0      0      1      0      0      0      0      63     0      0      0      0      1      57     0      0      0      0      0      0      1      0      0      0      0      61     0      0      0      0      0      0      0      0      0      0     
0x7f81d77a00c0           HGMMA.64x64x16.F32.BF16 R56, gdesc[UR16].tnspA, R56         1107   902    1107   1136704 36374528 36374528 32     32     0      Shared        Load   -      0      8      0      9093632 9093632 0      0      0      0      0      0      0      0      0      0      0      0      519    0      0      15     53     0      0      0      520    0      0      0      0      0      0      0      0      0      442    0      0      0      0      0      0      0      460   
0x7f81d77a00d0           NOP                                                         64     0      64     1136704 36374528 36374528 32     32     0      -             -      -      0      0      0      0       0       0      0      0      0      0      1      0      0      0      0      0      0      0      0      0      0      63     0      0      0      0      0      0      0      0      0      0      0      0      0      0      0      0      0      0      0      0      0      0     
... (accumulators R88/R120/R152 repeat the same 4x HGMMA + WARPGROUP.DEPBAR.LE pattern) ...
... (epilogue: fence + TMA 3D store + command flush, repeated per output slice) ...
0x7f81d77a1ed0           FENCE.VIEW.ASYNC.S                                          2      0      2      13312   425984   425984   32     32     0      -             -      -      0      0      0      0       0       0      0      0      0      0      0      0      0      0      0      0      0      0      0      0      0      2      0      0      0      0      0      0      0      0      0      0      0      0      0      0      0      0      0      0      0      0      0      0     
0x7f81d77a1ee0           WARPGROUP.ARRIVE                                            95     86     95     13312   425984   425984   32     32     0      -             -      -      0      0      0      0       0       0      0      0      0      0      0      0      0      0      92     0      0      0      0      0      0      2      0      0      0      1      0      0      0      0      0      0      85     0      0      0      0      0      0      0      0      0      0      1     
0x7f81d77a1ef0           WARPGROUP.WAIT                                              12     10     12     13312   425984   425984   32     32     0      -             -      -      0      0      0      0       0       0      0      0      0      0      0      0      0      0      0      0      0      0      0      0      0      1      0      0      0      5      0      0      0      0      0      0      0      0      0      0      0      0      0      0      0      0      0      5     
0x7f81d77a1f00     @UP3  UTMASTG.3D [UR32], [UR22]                                   1      0      1      13312   425984   212992   32     16     0      Global,Shared -      -      0      0      0      0       0       0      0      0      0      0      0      0      0      0      0      0      0      0      0      0      0      1      0      0      0      0      0      0      0      0      0      0      0      0      0      0      0      0      0      0      0      0      0      0     
0x7f81d77a1f10           UTMACMDFLUSH                                                2      0      2      13312   425984   425984   32     32     0      -             -      -      0      0      0      0       0       0      0      0      0      0      0      0      0      0      0      0      0      1      0      0      0      1      0      0      0      0      0      0      0      0      0      0      0      0      0      0      0      0      0      0      0      0      0      0     
0x7f81d77a1f20           WARPGROUP.ARRIVE                                            0      0      0      13312   425984   425984   32     32     0      -             -      -      0      0      0      0       0       0      0      0      0      0      0      0      0      0      0      0      0      0      0      0      0      0      0      0      0      0      0      0      0      0      0      0      0      0      0      0      0      0      0      0      0      0      0      0     
0x7f81d77a1f30           WARPGROUP.WAIT                                              10     7      10     13312   425984   425984   32     32     0      -             -      -      0      0      0      0       0       0      0      0      0      0      0      0      0      0      0      0      0      0      0      0      1      1      0      0      0      1      0      0      0      0      0      0      0      0      0      0      0      0      0      0      0      0      0      1     
0x7f81d77a1f40           UIADD3 UR32, UR32, 0x1000, URZ                              15     14     15     13312   425984   425984   32     32     0      -             -      -      0      0      0      0       0       0      0      0      0      0      0      0      0      0      15     0      0      0      0      0      0      0      0      0      0      0      0      0      0      0      0      0      14     0      0      0      0      0      0      0      0      0      0      0     
0x7f81d77a1f50           LOP3.LUT R22, R22, 0xb0, RZ, 0x3c, !PT                      1      0      1      13312   425984   425984   32     32     0      -             -      -      0      0      0      0       0       0      0      0      0      0      0      0      0      0      0      0      0      0      0      0      0      1      0      0      0      0      0      0      0      0      0      0      0      0      0      0      0      0      0      0      0      0      0      0     
0x7f81d77a1f60           STS [R22+UR32], R56                                         5      5      5      13312   425984   425984   32     32     0      Shared        Store  32     0      1      0      13312   13312   0      0      0      0      0      0      0      0      0      0      0      0      0      0      0      0      0      0      0      0      5      0      0      0      0      0      0      0      0      0      0      0      0      0      0      0      0      0      5     
0x7f81d77a1f70           STS [R22+UR32+0x400], R60                                   0      0      0      13312   425984   425984   32     32     0      Shared        Store  32     0      1      0      13312   13312   0      0      0      0      0      0      0      0      0      0      0      0      0      0      0      0      0      0      0      0      0      0      0      0      0      0      0      0      0      0      0      0      0      0      0      0      0      0      0     
0x7f81d77a1f80           LOP3.LUT R22, R22, 0x20, RZ, 0x3c, !PT                      11     8      11     13312   425984   425984   32     32     0      -             -      -      0      0      0      0       0       0      0      0      0      0      0      0      0      0      0      0      0      0      0      0      0      3      8      0      0      0      0      0      0      0      0      0      0      0      0      0      0      0      0      0      8      0      0      0     
0x7f81d77a1f90           STS [R22+UR32], R58                                         7      6      7      13312   425984   425984   32     32     0      Shared        Store  32     0      1      0      13312   13312   0      0      0      0      0      0      0      0      0      0      0      0      0      0      0      1      0      0      0      0      6      0      0      0      0      0      0      0      0      0      0      0      0      0      0      0      0      0      6     
0x7f81d77a1fa0           STS [R22+UR32+0x400], R62                                   0      0      0      13312   425984   425984   32     32     0      Shared        Store  32     0      1      0      13312   13312   0      0      0      0      0      0      0      0      0      0      0      0      0      0      0      0      0      0      0      0      0      0      0      0      0      0      0      0      0      0      0      0      0      0      0      0      0      0      0     
0x7f81d77a1fb0           LOP3.LUT R22, R22, 0xb0, RZ, 0x3c, !PT                      8      8      8      13312   425984   425984   32     32     0      -             -      -      0      0      0      0       0       0      0      0      0      0      0      0      0      0      0      1      0      0      0      0      0      0      7      0      0      0      0      0      0      0      0      0      0      1      0      0      0      0      0      0      7      0      0      0     
0x7f81d77a1fc0           STS [R22+UR32], R57                                         3      0      3      13312   425984   425984   32     32     0      Shared        Store  32     0      1      0      13312   13312   0      0      0      0      0      0      0      0      0      0      0      0      0      0      0      0      1      0      0      0      2      0      0      0      0      0      0      0      0      0      0      0      0      0      0      0      0      0      0     
0x7f81d77a1fd0           STS [R22+UR32+0x400], R61                                   0      0      0      13312   425984   425984   32     32     0      Shared        Store  32     0      1      0      13312   13312   0      0      0      0      0      0      0      0      0      0      0      0      0      0      0      0      0      0      0      0      0      0      0      0      0      0      0      0      0      0      0      0      0      0      0      0      0      0      0     
0x7f81d77a1fe0           LOP3.LUT R22, R22, 0x20, RZ, 0x3c, !PT                      12     6      12     13312   425984   425984   32     32     0      -             -      -      0      0      0      0       0       0      0      0      0      0      0      0      0      0      0      0      0      0      0      0      1      2      9      0      0      0      0      0      0      0      0      0      0      0      0      0      0      0      0      0      6      0      0      0     
0x7f81d77a1ff0           STS [R22+UR32], R59                                         8      5      8      13312   425984   425984   32     32     0      Shared        Store  32     0      1      0      13312   13312   0      0      0      0      0      0      0      0      0      0      0      0      0      0      0      1      0      0      0      0      7      0      0      0      0      0      0      0      0      0      0      0      0      0      0      0      0      0      5     
0x7f81d77a2000           STS [R22+UR32+0x400], R63                                   0      0      0      13312   425984   425984   32     32     0      Shared        Store  32     0      1      0      13312   13312   0      0      0      0      0      0      0      0      0      0      0      0      0      0      0      0      0      0      0      0      0      0      0      0      0      0      0      0      0      0      0      0      0      0      0      0      0      0      0     
0x7f81d77a2010           FENCE.VIEW.ASYNC.S                                          0      0      0      13312   425984   425984   32     32     0      -             -      -      0      0      0      0       0       0      0      0      0      0      0      0      0      0      0      0      0      0      0      0      0      0      0      0      0      0      0      0      0      0      0      0      0      0      0      0      0      0      0      0      0      0      0      0     
0x7f81d77a2020           UIADD3 UR33, UR33, 0x40, URZ                                1      0      1      13312   425984   425984   32     32     0      -             -      -      0      0      0      0       0       0      0      0      0      0      0      0      0      0      0      0      0      0      0      0      0      1      0      0      0      0      0      0      0      0      0      0      0      0      0      0      0      0      0      0      0      0      0      0     
0x7f81d77a2030           WARPGROUP.ARRIVE                                            25     16     25     13312   425984   425984   32     32     0      -             -      -      0      0      0      0       0       0      0      0      0      0      0      0      0      0      24     0      0      0      0      0      0      1      0      0      0      0      0      0      0      0      0      0      16     0      0      0      0      0      0      0      0      0      0      0     
0x7f81d77a2040           WARPGROUP.WAIT                                              34     30     34     13312   425984   425984   32     32     0      -             -      -      0      0      0      0       0       0      0      0      0      0      0      0      0      0      0      0      0      0      0      0      0      3      0      0      0      3      0      0      0      0      0      0      0      0      0      0      0      0      0      0      0      0      0      2     
0x7f81d77a2050     @UP3  UTMASTG.3D [UR32], [UR22]                                   6      5      6      13312   425984   212992   32     16     0      Global,Shared -      -      0      0      0      0       0       0      0      0      0      0      0      0      0      0      0      0      0      4      0      0      0      1      0      0      0      1      0      0      0      0      0      0      0      0      0      4      0      0      0      0      0      0      0      1     
0x7f81d77a2060           UTMACMDFLUSH                                                9      7      9      13312   425984   425984   32     32     0      -             -      -      0      0      0      0       0       0      0      0      0      0      0      0      0      0      0      0      0      8      0      0      0      1      0      0      0      0      0      0      0      0      0      0      0      0      0      7      0      0      0      0      0      0      0      0     
0x7f81d77a2070           WARPGROUP.ARRIVE                                            29     25     29     13312   425984   425984   32     32     0      -             -      -      0      0      0      0       0       0      0      0      0      0      0      0      0      0      29     0      0      0      0      0      0      0      0      0      0      0      0      0      0      0      0      0      25     0      0      0      0      0      0      0      0      0      0      0     
... (producer region 1: 5x UTMALDG.3D.MULTICAST + 1x UTMALDG.3D, then mbarrier arrive/phase-wait) ...
0x7f81d77a4d30           UTMALDG.3D.MULTICAST [UR8], [UR34], UR33                    51     39     51     142088  4546816  4546816  32     32     0      Global,Shared -      -      0      0      0      0       0       0      0      0      0      0      0      0      0      0      0      0      0      0      0      0      0      11     0      0      0      40     0      0      0      0      0      0      0      0      0      0      0      0      0      0      0      0      0      39    
0x7f81d77a4d40           UIADD3 UR8, UR8, 0x2000, URZ                                76     56     76     142088  4546816  4546816  32     32     0      -             -      -      0      0      0      0       0       0      0      0      0      0      0      0      0      0      55     3      0      0      0      0      4      9      0      0      0      5      0      0      0      0      0      0      48     3      0      0      0      0      0      0      0      0      0      5     
0x7f81d77a4d50           UIADD3 UR10, UR10, 0x40, URZ                                15     9      15     142088  4546816  4546816  32     32     0      -             -      -      0      0      0      0       0       0      0      0      0      0      0      0      0      0      0      9      0      0      0      0      3      3      0      0      0      0      0      0      0      0      0      0      0      9      0      0      0      0      0      0      0      0      0      0     
0x7f81d77a4d60           UTMALDG.3D.MULTICAST [UR8], [UR34], UR33                    49     39     49     142088  4546816  4546816  32     32     0      Global,Shared -      -      0      0      0      0       0       0      0      0      0      0      0      0      0      0      0      0      0      0      0      0      0      4      0      0      0      45     0      0      0      0      0      0      0      0      0      0      0      0      0      0      0      0      0      39    
0x7f81d77a4d70           UIADD3 UR8, UR8, 0x2000, URZ                                87     69     87     142088  4546816  4546816  32     32     0      -             -      -      0      0      0      0       0       0      0      0      0      0      0      0      0      0      72     1      0      0      0      0      2      3      0      0      0      9      0      0      0      0      0      0      60     1      0      0      0      0      0      0      0      0      0      8     
0x7f81d77a4d80           UIADD3 UR10, UR10, 0x40, URZ                                8      4      8      142088  4546816  4546816  32     32     0      -             -      -      0      0      0      0       0       0      0      0      0      0      0      0      0      0      0      4      0      0      0      0      0      4      0      0      0      0      0      0      0      0      0      0      0      4      0      0      0      0      0      0      0      0      0      0     
0x7f81d77a4d90           UTMALDG.3D.MULTICAST [UR8], [UR34], UR33                    53     33     53     142088  4546816  4546816  32     32     0      Global,Shared -      -      0      0      0      0       0       0      0      0      0      0      0      0      0      0      0      0      0      2      0      0      3      7      0      0      0      41     0      0      0      0      0      0      0      0      0      2      0      0      0      0      0      0      0      31    
0x7f81d77a4da0           UIADD3 UR8, UR8, 0x2000, URZ                                66     47     66     142088  4546816  4546816  32     32     0      -             -      -      0      0      0      0       0       0      0      0      0      0      0      0      0      0      51     0      0      0      0      0      0      8      0      0      0      7      0      0      0      0      0      0      42     0      0      0      0      0      0      0      0      0      0      5     
0x7f81d77a4db0           UIADD3 UR10, UR10, 0x40, URZ                                15     10     15     142088  4546816  4546816  32     32     0      -             -      -      0      0      0      0       0       0      0      0      0      0      0      0      0      0      0      10     0      0      0      0      0      5      0      0      0      0      0      0      0      0      0      0      0      10     0      0      0      0      0      0      0      0      0      0     
0x7f81d77a4dc0           UTMALDG.3D.MULTICAST [UR8], [UR34], UR33                    56     45     56     142088  4546816  4546816  32     32     0      Global,Shared -      -      0      0      0      0       0       0      0      0      0      0      0      0      0      0      0      0      0      3      0      0      0      5      0      0      0      48     0      0      0      0      0      0      0      0      0      3      0      0      0      0      0      0      0      42    
0x7f81d77a4dd0           UIADD3 UR8, UR8, 0x2000, URZ                                98     80     98     142088  4546816  4546816  32     32     0      -             -      -      0      0      0      0       0       0      0      0      0      0      0      0      0      0      81     3      0      0      0      0      4      4      0      0      0      6      0      0      0      0      0      0      71     3      0      0      0      0      0      0      0      0      0      6     
0x7f81d77a4de0           UIADD3 UR10, UR10, 0x40, URZ                                8      6      8      142088  4546816  4546816  32     32     0      -             -      -      0      0      0      0       0       0      0      0      0      0      0      0      0      0      0      6      0      0      0      0      0      2      0      0      0      0      0      0      0      0      0      0      0      6      0      0      0      0      0      0      0      0      0      0     
0x7f81d77a4df0           UTMALDG.3D.MULTICAST [UR8], [UR34], UR33                    58     51     58     142088  4546816  4546816  32     32     0      Global,Shared -      -      0      0      0      0       0       0      0      0      0      0      0      0      0      0      0      0      0      1      0      0      2      3      0      0      0      52     0      0      0      0      0      0      0      0      0      1      0      0      0      0      0      0      0      50    
0x7f81d77a4e00           UIADD3 UR8, UR8, -0x8000, URZ                               89     70     89     142088  4546816  4546816  32     32     0      -             -      -      0      0      0      0       0       0      0      0      0      0      1      0      0      0      72     3      0      0      0      0      2      8      0      0      0      3      0      0      0      0      0      0      65     3      0      0      0      0      0      0      0      0      0      2     
0x7f81d77a4e10           UIADD3.64 UR34, UR34, 0x40, URZ                             12     6      12     142088  4546816  4546816  32     32     0      -             -      -      0      0      0      0       0       0      0      0      0      0      0      0      0      0      0      7      0      0      0      0      0      5      0      0      0      0      0      0      0      0      0      0      0      6      0      0      0      0      0      0      0      0      0      0     
0x7f81d77a4e20           UTMALDG.3D [UR16], [UR34]                                   50     40     50     142088  4546816  4546816  32     32     0      Global,Shared -      -      0      0      0      0       0       0      0      0      0      0      0      0      0      0      0      0      0      1      0      0      0      6      0      0      0      43     0      0      0      0      0      0      0      0      0      1      0      0      0      0      0      0      0      39    
0x7f81d77a4e30           MOV R9, UR15                                                4      0      4      142088  4546816  4546816  32     32     0      -             -      -      0      0      0      0       0       0      0      0      0      0      0      0      0      0      0      0      0      0      0      0      0      4      0      0      0      0      0      0      0      0      0      0      0      0      0      0      0      0      0      0      0      0      0      0     
0x7f81d77a4e40     @P1   STS [UR9+0x8], R9                                           40     31     40     142088  4546816  142088   32     1      0      Shared        Store  32     0      1      0      142088  142088  0      0      0      0      0      9      0      0      0      0      0      0      0      0      0      0      7      0      0      0      24     0      0      9      0      0      0      0      0      0      0      0      0      0      0      0      0      0      22    
0x7f81d77a4e50     @P1   SYNCS.ARRIVE.TRANS64.RED RZ, [UR9], R6                      9      0      9      142088  4546816  142088   32     1      0      -             -      -      0      0      0      0       0       0      0      0      0      0      0      0      0      0      0      0      0      0      0      0      0      9      0      0      0      0      0      0      0      0      0      0      0      0      0      0      0      0      0      0      0      0      0      0     
0x7f81d77a4e60           SYNCS.PHASECHK.TRANS64.TRYWAIT P3, [R8+UR31], R3            6      0      6      142088  4546816  4546816  32     32     0      -             -      -      0      0      0      0       0       0      0      0      0      0      0      0      0      0      0      0      0      0      0      0      0      6      0      0      0      0      0      0      0      0      0      0      0      0      0      0      0      0      0      0      0      0      0      0     
0x7f81d77a4e70           UIADD3 UR39, UR11, 0x40, URZ                                9      0      9      142088  4546816  4546816  32     32     0      -             -      -      0      0      0      0       0       0      0      0      0      0      0      0      0      0      0      0      0      0      0      0      0      9      0      0      0      0      0      0      0      0      0      0      0      0      0      0      0      0      0      0      0      0      0      0     
0x7f81d77a4e80           UISETP.LT.U32.AND UP1, UPT, UR39, UR22, UPT                 22     8      22     142088  4546816  4546816  32     32     0      -             -      -      0      0      0      0       0       0      0      0      0      0      0      0      0      0      0      1      0      0      0      0      1      4      0      0      0      16     0      0      0      0      0      0      0      1      0      0      0      0      0      0      0      0      0      7     
0x7f81d77a4e90           UIADD3.64 UR34, UR34, -0x40, URZ                            24     13     24     142088  4546816  4546816  32     32     0      -             -      -      0      0      0      0       0       0      0      0      0      0      0      0      0      0      6      4      0      0      0      0      0      9      0      0      0      5      0      0      0      0      0      0      5      4      0      0      0      0      0      0      0      0      0      4     
0x7f81d77a4ea0     @!P2  BRA.U UP1, 0x7f81d77a4c00                                   38     30     38     142088  4546816  2277056  32     16     0      -             -      -      0      0      0      0       0       0      0      0      0      0      0      0      0      0      0      0      0      0      0      0      0      4      0      0      0      34     0      0      0      0      0      0      0      0      0      0      0      0      0      0      0      0      0      30    
0x7f81d77a4eb0           BRA.U UP1, 0x7f81d77a5430                                   26     16     26     71552   2289664  2289664  32     32     0      -             -      -      0      0      0      0       0       0      0      0      0      0      0      0      0      0      0      0      0      0      0      0      0      4      0      0      0      22     0      0      0      0      0      0      0      0      0      0      0      0      0      0      0      0      0      16    
... (producer region 2 repeats the same pattern) ...
0x7f81d77a5560           UTMALDG.3D.MULTICAST [UR8], [UR34], UR33                    13     9      13     70904   2268928  2268928  32     32     0      Global,Shared -      -      0      0      0      0       0       0      0      0      0      0      0      0      0      0      0      0      0      0      0      0      0      2      0      0      0      11     0      0      0      0      0      0      0      0      0      0      0      0      0      0      0      0      0      9     
0x7f81d77a5570           UIADD3 UR8, UR8, 0x2000, URZ                                34     30     34     70904   2268928  2268928  32     32     0      -             -      -      0      0      0      0       0       0      0      0      0      0      0      0      0      0      28     2      0      0      0      0      0      3      0      0      0      1      0      0      0      0      0      0      27     2      0      0      0      0      0      0      0      0      0      1     
0x7f81d77a5580           UIADD3 UR10, UR10, 0x40, URZ                                4      2      4      70904   2268928  2268928  32     32     0      -             -      -      0      0      0      0       0       0      0      0      0      0      0      0      0      0      0      2      0      0      0      0      0      2      0      0      0      0      0      0      0      0      0      0      0      2      0      0      0      0      0      0      0      0      0      0     
0x7f81d77a5590           UTMALDG.3D.MULTICAST [UR8], [UR34], UR33                    29     20     29     70904   2268928  2268928  32     32     0      Global,Shared -      -      0      0      0      0       0       0      0      0      0      0      0      0      0      0      0      0      0      0      0      0      0      2      0      0      0      27     0      0      0      0      0      0      0      0      0      0      0      0      0      0      0      0      0      20    
0x7f81d77a55a0           UIADD3 UR8, UR8, 0x2000, URZ                                37     32     37     70904   2268928  2268928  32     32     0      -             -      -      0      0      0      0       0       0      0      0      0      0      0      0      0      0      32     0      0      0      0      0      0      2      0      0      0      3      0      0      0      0      0      0      29     0      0      0      0      0      0      0      0      0      0      3     
0x7f81d77a55b0           UIADD3 UR10, UR10, 0x40, URZ                                10     5      10     70904   2268928  2268928  32     32     0      -             -      -      0      0      0      0       0       0      0      0      0      0      0      0      0      0      0      5      0      0      0      0      0      5      0      0      0      0      0      0      0      0      0      0      0      5      0      0      0      0      0      0      0      0      0      0     
0x7f81d77a55c0           UTMALDG.3D.MULTICAST [UR8], [UR34], UR33                    25     20     25     70904   2268928  2268928  32     32     0      Global,Shared -      -      0      0      0      0       0       0      0      0      0      0      0      0      0      0      0      0      0      0      0      0      0      3      0      0      0      22     0      0      0      0      0      0      0      0      0      0      0      0      0      0      0      0      0      20    
0x7f81d77a55d0           UIADD3 UR8, UR8, 0x2000, URZ                                38     31     38     70904   2268928  2268928  32     32     0      -             -      -      0      0      0      0       0       0      0      0      0      0      0      0      0      0      32     0      0      0      0      0      1      2      0      0      0      3      0      0      0      0      0      0      28     0      0      0      0      0      0      0      0      0      0      3     
0x7f81d77a55e0           UIADD3 UR10, UR10, 0x40, URZ                                5      2      5      70904   2268928  2268928  32     32     0      -             -      -      0      0      0      0       0       0      0      0      0      0      0      0      0      0      0      2      0      0      0      0      0      3      0      0      0      0      0      0      0      0      0      0      0      2      0      0      0      0      0      0      0      0      0      0     
0x7f81d77a55f0           UTMALDG.3D.MULTICAST [UR8], [UR34], UR33                    30     23     30     70904   2268928  2268928  32     32     0      Global,Shared -      -      0      0      0      0       0       0      0      0      0      0      0      0      0      0      0      0      0      0      0      0      0      3      0      0      0      27     0      0      0      0      0      0      0      0      0      0      0      0      0      0      0      0      0      23    
0x7f81d77a5600           UIADD3 UR8, UR8, 0x2000, URZ                                36     25     36     70904   2268928  2268928  32     32     0      -             -      -      0      0      0      0       0       0      0      0      0      0      0      0      0      0      27     2      0      0      0      0      1      5      0      0      0      1      0      0      0      0      0      0      22     2      0      0      0      0      0      0      0      0      0      1     
0x7f81d77a5610           UIADD3 UR10, UR10, 0x40, URZ                                10     8      10     70904   2268928  2268928  32     32     0      -             -      -      0      0      0      0       0       0      0      0      0      0      0      0      0      0      0      8      0      0      0      0      0      2      0      0      0      0      0      0      0      0      0      0      0      8      0      0      0      0      0      0      0      0      0      0     
0x7f81d77a5620           UTMALDG.3D.MULTICAST [UR8], [UR34], UR33                    27     25     27     70904   2268928  2268928  32     32     0      Global,Shared -      -      0      0      0      0       0       0      0      0      0      0      0      0      0      0      0      0      0      0      0      0      0      1      0      0      0      26     0      0      0      0      0      0      0      0      0      0      0      0      0      0      0      0      0      25    
0x7f81d77a5630           UIADD3 UR8, UR8, -0x8000, URZ                               46     34     46     70904   2268928  2268928  32     32     0      -             -      -      0      0      0      0       0       0      0      0      0      0      0      0      0      0      34     1      0      0      0      0      3      5      0      0      0      3      0      0      0      0      0      0      31     1      0      0      0      0      0      0      0      0      0      2     
0x7f81d77a5640           UIADD3.64 UR34, UR34, 0x40, URZ                             1      0      1      70904   2268928  2268928  32     32     0      -             -      -      0      0      0      0       0       0      0      0      0      0      0      0      0      0      0      0      0      0      0      0      0      1      0      0      0      0      0      0      0      0      0      0      0      0      0      0      0      0      0      0      0      0      0      0     
0x7f81d77a5650           UTMALDG.3D [UR16], [UR34]                                   31     21     31     70904   2268928  2268928  32     32     0      Global,Shared -      -      0      0      0      0       0       0      0      0      0      0      0      0      0      0      0      0      0      3      0      0      0      3      0      0      0      25     0      0      0      0      0      0      0      0      0      3      0      0      0      0      0      0      0      18    
0x7f81d77a5660           MOV R9, UR15                                                3      0      3      70904   2268928  2268928  32     32     0      -             -      -      0      0      0      0       0       0      0      0      0      0      0      0      0      0      0      0      0      0      0      0      0      3      0      0      0      0      0      0      0      0      0      0      0      0      0      0      0      0      0      0      0      0      0      0     
